10,0.00
20,0.00
30,0.00
40,0.00
50,0.00
60,0.00
70,0.00
80,0.00
90,0.00
100,0.00
110,0.00
120,0.00
130,0.00
140,0.00
150,0.00
160,0.00
170,0.00
180,0.00
190,0.00
200,0.00
210,0.00
220,0.00
230,0.00
240,0.00
250,0.00
260,0.00
270,0.00
280,0.00
290,0.00
300,0.00
310,0.01
320,0.00
330,0.01
340,0.00
350,0.00
360,0.00
370,0.00
380,0.00
390,0.00
400,0.00
410,0.00
420,0.00
430,0.00
440,0.00
450,0.00
460,0.00
470,0.00
480,0.00
490,0.00
500,0.00
510,0.00
520,0.00
530,0.00
540,0.00
550,0.00
560,0.00
570,0.00
580,0.00
590,0.01
600,0.00
610,0.00
620,0.01
630,0.01
640,0.00
650,0.00
660,0.00
670,0.00
680,0.00
690,0.00
700,0.01
710,0.02
720,0.60
730,0.08
740,0.03
750,0.02
760,0.71
770,0.07
780,1.40
790,0.07
800,0.03
810,0.02
820,0.02
830,0.02
840,0.49
850,0.28
860,1.06
870,2.00
880,0.81
890,0.85
900,1.56
910,3.90
920,5.94
930,7.55
940,11.55
950,13.42
960,14.15
970,15.24
980,15.87
990,17.58
1000,18.66
1010,19.72
1020,20.51
1030,22.17
1040,23.10
1050,23.81
1060,24.74
1070,25.14
1080,26.03
1090,27.18
1100,28.28
1110,29.42
1120,30.29
1130,31.79
1140,32.66
1150,33.41
1160,35.24
1170,36.52
1180,38.10
1190,39.69
1200,40.67
1210,41.97
1220,43.27
1230,45.04
1240,46.73
1250,48.36
1260,49.67
1270,51.17
1280,52.95
1290,54.71
1300,56.83
1310,58.34
1320,60.00
1330,61.32
1340,61.57
1350,63.46
1360,65.36
1370,67.14
1380,66.32
1390,67.63
1400,69.33
1410,71.26
1420,70.01
1430,71.45
1440,73.46
1450,75.50
1460,77.01
1470,78.51
1480,79.65
1490,80.68
1500,81.98
1510,81.82
1520,82.33
1530,84.62
1540,85.85
1550,87.55
1560,88.93
1570,90.67
1580,91.92
1590,93.84
1600,94.36
1610,95.45
1620,95.25
1630,96.14
1640,97.48
1650,99.21
1660,100.84
1670,101.08
1680,101.12
1690,101.96
1700,102.38
1710,104.44
1720,104.85
1730,105.01
1740,105.97
1750,106.58
1760,107.66
1770,108.21
1780,106.56
1790,107.60
1800,108.91
1810,109.77
1820,110.80
1830,111.48
1840,111.93
1850,112.54
1860,113.40
1870,113.90
1880,114.33
1890,113.80
1900,114.50
1910,115.86
1920,116.42
1930,115.94
1940,117.45
1950,118.34
1960,119.52
1970,119.55
1980,119.90
1990,120.51
2000,121.42
2010,122.12
2020,122.67
2030,122.87
2040,114.12
2050,117.12
2060,117.98
2070,119.20
2080,119.70
2090,120.64
2100,121.26
2110,122.86
2120,123.85
2130,124.78
2140,125.34
2150,126.71
2160,127.62
2170,128.06
2180,127.94
2190,128.39
2200,130.21
2210,131.19
2220,131.36
2230,131.12
2240,131.50
2250,132.16
2260,132.70
2270,132.73
2280,133.79
2290,134.44
2300,133.71
2310,133.40
2320,134.25
2330,134.76
2340,135.21
2350,134.39
2360,135.23
2370,136.07
2380,136.41
2390,136.85
2400,137.29
2410,136.80
2420,137.24
2430,137.61
2440,137.81
2450,137.61
2460,138.44
2470,139.19
2480,140.19
2490,140.72
2500,141.11
0,141.66
0,5.04
0,0.00
-10,0.00
-20,0.00
-30,-0.00
-40,-0.00
-50,0.00
-60,0.00
-70,0.00
-80,0.00
-90,0.00
-100,-0.00
-110,-0.00
-120,-0.00
-130,-0.02
-140,-0.18
-150,-0.03
-160,-0.02
-170,-0.02
-180,-0.02
-190,-0.01
-200,-0.01
-210,-0.01
-220,-0.01
-230,-0.01
-240,-0.01
-250,-0.01
-260,-0.01
-270,-0.00
-280,-0.00
-290,-0.00
-300,-0.00
-310,-0.00
-320,-0.00
-330,-0.00
-340,-0.00
-350,-0.00
-360,-0.00
-370,-0.00
-380,-0.00
-390,-0.00
-400,-0.00
-410,-0.00
-420,-0.00
-430,-0.00
-440,-0.00
-450,-0.00
-460,-0.00
-470,-0.00
-480,-0.00
-490,-0.00
-500,-0.00
-510,-0.00
-520,-0.00
-530,-0.00
-540,-0.00
-550,-0.00
-560,-0.00
-570,-0.00
-580,-0.00
-590,-0.00
-600,-0.00
-610,-0.02
-620,-0.65
-630,-0.04
-640,-0.02
-650,-0.01
-660,-0.02
-670,-0.71
-680,-0.05
-690,-0.71
-700,-0.05
-710,-0.53
-720,-0.21
-730,-0.06
-740,-0.63
-750,-0.10
-760,-0.08
-770,-0.75
-780,-1.48
-790,-0.07
-800,-0.40
-810,-0.31
-820,-0.11
-830,-0.70
-840,-1.53
-850,-0.70
-860,-0.13
-870,-2.99
-880,-0.23
-890,-1.74
-900,-1.30
-910,-3.31
-920,-2.93
-930,-3.99
-940,-6.15
-950,-2.47
-960,-6.32
-970,-10.68
-980,-12.14
-990,-14.63
-1000,-17.67
-1010,-19.67
-1020,-21.05
-1030,-22.33
-1040,-24.12
-1050,-25.41
-1060,-27.36
-1070,-29.48
-1080,-30.56
-1090,-32.85
-1100,-33.46
-1110,-35.84
-1120,-37.79
-1130,-39.44
-1140,-38.80
-1150,-42.19
-1160,-42.89
-1170,-45.31
-1180,-48.22
-1190,-51.06
-1200,-52.77
-1210,-54.83
-1220,-57.23
-1230,-59.35
-1240,-60.00
-1250,-62.39
-1260,-64.23
-1270,-65.99
-1280,-64.83
-1290,-65.95
-1300,-68.36
-1310,-70.37
-1320,-71.77
-1330,-73.24
-1340,-74.26
-1350,-75.39
-1360,-76.68
-1370,-78.27
-1380,-79.57
-1390,-81.35
-1400,-81.87
-1410,-81.84
-1420,-81.88
-1430,-83.73
-1440,-85.47
-1450,-86.94
-1460,-87.32
-1470,-87.40
-1480,-89.06
-1490,-90.33
-1500,-90.67
-1510,-91.82
-1520,-92.87
-1530,-93.40
-1540,-94.08
-1550,-94.45
-1560,-95.29
-1570,-96.35
-1580,-97.02
-1590,-97.99
-1600,-98.76
-1610,-99.32
-1620,-99.55
-1630,-100.79
-1640,-101.80
-1650,-102.44
-1660,-103.19
-1670,-103.98
-1680,-104.69
-1690,-105.60
-1700,-106.85
-1710,-107.82
-1720,-109.24
-1730,-109.82
-1740,-110.31
-1750,-110.28
-1760,-109.70
-1770,-111.42
-1780,-111.03
-1790,-111.81
-1800,-112.98
-1810,-113.87
-1820,-114.07
-1830,-115.13
-1840,-115.88
-1850,-115.93
-1860,-116.18
-1870,-117.40
-1880,-118.20
-1890,-117.66
-1900,-118.88
-1910,-119.81
-1920,-120.56
-1930,-121.54
-1940,-122.36
-1950,-123.53
-1960,-124.42
-1970,-125.01
-1980,-125.29
-1990,-126.61
-2000,-127.35
-2010,-128.07
-2020,-128.59
-2030,-129.40
-2040,-130.35
-2050,-131.21
-2060,-131.94
-2070,-132.97
-2080,-132.62
-2090,-133.10
-2100,-133.43
-2110,-135.53
-2120,-136.44
-2130,-135.14
-2140,-134.99
-2150,-135.39
-2160,-135.52
-2170,-135.95
-2180,-136.53
-2190,-136.82
-2200,-137.04
-2210,-137.53
-2220,-138.22
-2230,-138.72
-2240,-139.39
-2250,-139.06
-2260,-134.08
-2270,-134.58
-2280,-134.98
-2290,-131.99
-2300,-133.28
-2310,-134.84
-2320,-135.81
-2330,-135.70
-2340,-136.76
-2350,-137.86
-2360,-138.53
-2370,-138.83
-2380,-138.71
-2390,-138.38
-2400,-139.65
-2410,-140.55
-2420,-141.13
-2430,-141.63
-2440,-142.34
-2450,-143.17
-2460,-141.42
-2470,-139.27
-2480,-141.34
-2490,-142.44
-2500,-142.47
