10,0.00
20,0.00
30,0.00
40,0.00
50,0.00
60,0.00
70,0.00
80,0.00
90,0.00
100,0.02
110,0.84
120,17.99
130,24.89
140,21.70
150,14.63
160,7.92
170,0.08
180,0.67
190,0.04
200,0.02
210,0.09
220,0.53
230,0.06
240,0.03
250,0.02
260,0.01
270,0.00
280,0.00
290,0.01
300,0.03
310,0.51
320,0.07
330,0.03
340,0.01
350,0.00
360,0.00
370,0.00
380,0.00
390,0.00
400,0.00
410,0.00
420,0.00
430,0.00
440,0.00
450,0.00
460,0.00
470,0.00
480,0.01
490,0.02
500,0.03
510,1.38
520,2.46
530,5.55
540,18.28
550,31.60
560,40.17
570,43.70
580,44.30
590,43.45
600,42.67
610,41.07
620,40.39
630,40.19
640,39.73
650,40.79
660,41.77
670,41.84
680,42.53
690,42.60
700,43.04
710,43.96
720,43.48
730,43.41
740,43.59
750,43.55
760,43.47
770,43.15
780,42.28
790,42.16
800,41.60
810,41.73
820,40.78
830,40.69
840,41.26
850,40.97
860,41.53
870,42.04
880,41.52
890,41.50
900,43.32
910,44.93
920,47.43
930,50.88
940,54.91
950,58.72
960,63.21
970,67.66
980,72.29
990,75.67
1000,79.98
1010,83.12
1020,85.85
1030,87.61
1040,88.63
1050,88.94
1060,89.27
1070,90.69
1080,91.68
1090,93.19
1100,93.06
1110,94.89
1120,95.27
1130,92.69
1140,92.63
1150,93.67
1160,93.22
1170,92.74
1180,91.61
1190,89.03
1200,88.69
1210,89.15
1220,89.10
1230,88.55
1240,88.41
1250,88.45
1260,88.03
1270,87.65
1280,87.17
1290,85.69
1300,86.65
1310,87.86
1320,87.19
1330,87.41
1340,87.36
1350,89.22
1360,91.02
1370,93.21
1380,94.32
1390,96.41
1400,98.69
1410,100.72
1420,102.70
1430,104.00
1440,104.36
1450,107.00
1460,108.52
1470,109.32
1480,112.10
1490,113.75
1500,115.28
1510,116.40
1520,117.38
1530,118.31
1540,119.36
1550,120.08
1560,117.08
1570,119.47
1580,120.58
1590,119.97
1600,118.18
1610,117.34
1620,117.69
1630,117.79
1640,117.53
1650,117.19
1660,117.48
1670,117.53
1680,117.39
1690,117.05
1700,116.76
1710,117.03
1720,117.03
1730,116.92
1740,117.15
1750,117.03
1760,117.40
1770,117.49
1780,117.09
1790,116.44
1800,118.35
1810,119.40
1820,120.48
1830,121.48
1840,122.61
1850,123.72
1860,124.47
1870,125.12
1880,125.89
1890,126.18
1900,127.52
1910,128.57
1920,129.71
1930,130.75
1940,131.12
1950,131.94
1960,132.54
1970,130.30
1980,132.38
1990,133.25
2000,133.82
2010,134.53
2020,133.84
2030,134.39
2040,132.90
2050,133.26
2060,133.66
2070,132.94
2080,133.84
2090,134.42
2100,135.25
2110,135.65
2120,135.91
2130,135.65
2140,135.84
2150,135.41
2160,134.02
2170,134.51
2180,135.33
2190,131.41
2200,132.89
2210,134.78
2220,136.23
2230,137.13
2240,138.32
2250,138.08
2260,137.43
2270,138.35
2280,138.84
2290,139.52
2300,139.27
2310,139.23
2320,139.52
2330,140.37
2340,141.18
2350,142.04
2360,138.04
2370,129.14
2380,131.90
2390,133.12
2400,136.61
2410,139.37
2420,141.52
2430,141.39
2440,141.80
2450,143.83
2460,144.97
2470,145.72
2480,146.47
2490,146.97
2500,146.47
0,144.62
0,5.62
0,0.00
-10,0.00
-20,0.00
-30,0.00
-40,0.00
-50,0.00
-60,0.00
-70,0.00
-80,0.00
-90,0.00
-100,-0.02
-110,-0.09
-120,-4.46
-130,-17.80
-140,-20.83
-150,-18.96
-160,-12.24
-170,-4.33
-180,-0.73
-190,-0.80
-200,-0.77
-210,-0.68
-220,-0.04
-230,-0.00
-240,-0.00
-250,0.00
-260,-0.00
-270,0.00
-280,0.00
-290,0.00
-300,0.00
-310,0.00
-320,0.00
-330,0.00
-340,0.00
-350,0.00
-360,0.00
-370,0.00
-380,0.00
-390,0.00
-400,0.00
-410,0.00
-420,0.00
-430,0.00
-440,0.00
-450,0.00
-460,0.00
-470,0.00
-480,-0.00
-490,-0.01
-500,-0.79
-510,-3.12
-520,-9.04
-530,-21.02
-540,-31.76
-550,-41.21
-560,-49.33
-570,-53.92
-580,-55.54
-590,-56.28
-600,-55.87
-610,-55.08
-620,-54.42
-630,-53.76
-640,-53.77
-650,-54.56
-660,-55.53
-670,-56.31
-680,-56.81
-690,-57.16
-700,-57.38
-710,-56.54
-720,-56.45
-730,-56.41
-740,-56.26
-750,-56.11
-760,-55.99
-770,-55.95
-780,-55.95
-790,-55.62
-800,-55.56
-810,-54.93
-820,-54.68
-830,-53.98
-840,-53.62
-850,-53.49
-860,-53.48
-870,-53.50
-880,-54.36
-890,-54.62
-900,-55.51
-910,-57.05
-920,-59.31
-930,-62.02
-940,-65.44
-950,-69.36
-960,-73.42
-970,-77.64
-980,-80.93
-990,-84.70
-1000,-88.13
-1010,-91.47
-1020,-94.23
-1030,-96.25
-1040,-97.94
-1050,-98.90
-1060,-99.84
-1070,-100.98
-1080,-101.65
-1090,-101.95
-1100,-103.34
-1110,-104.72
-1120,-105.73
-1130,-105.78
-1140,-105.53
-1150,-103.22
-1160,-103.01
-1170,-102.58
-1180,-102.18
-1190,-102.19
-1200,-101.71
-1210,-100.83
-1220,-100.14
-1230,-99.49
-1240,-98.81
-1250,-98.61
-1260,-97.75
-1270,-97.52
-1280,-97.57
-1290,-97.37
-1300,-96.94
-1310,-97.20
-1320,-98.20
-1330,-98.93
-1340,-98.91
-1350,-99.77
-1360,-101.00
-1370,-102.02
-1380,-101.89
-1390,-103.20
-1400,-105.21
-1410,-107.76
-1420,-104.62
-1430,-106.41
-1440,-108.05
-1450,-110.29
-1460,-111.97
-1470,-113.35
-1480,-114.66
-1490,-115.86
-1500,-117.03
-1510,-117.86
-1520,-118.70
-1530,-120.23
-1540,-121.27
-1550,-121.85
-1560,-122.53
-1570,-123.29
-1580,-124.01
-1590,-124.05
-1600,-123.95
-1610,-123.82
-1620,-124.42
-1630,-124.87
-1640,-125.11
-1650,-124.67
-1660,-125.50
-1670,-125.38
-1680,-125.65
-1690,-125.08
-1700,-124.33
-1710,-124.31
-1720,-125.02
-1730,-124.71
-1740,-124.52
-1750,-124.60
-1760,-124.87
-1770,-125.18
-1780,-125.12
-1790,-125.24
-1800,-125.03
-1810,-124.36
-1820,-124.68
-1830,-126.43
-1840,-127.03
-1850,-124.30
-1860,-124.68
-1870,-127.28
-1880,-129.73
-1890,-131.33
-1900,-131.47
-1910,-132.45
-1920,-131.64
-1930,-131.37
-1940,-131.14
-1950,-131.79
-1960,-131.92
-1970,-133.20
-1980,-134.27
-1990,-135.57
-2000,-136.73
-2010,-136.58
-2020,-133.93
-2030,-135.21
-2040,-136.32
-2050,-137.24
-2060,-137.28
-2070,-137.65
-2080,-137.48
-2090,-137.55
-2100,-137.69
-2110,-137.85
-2120,-137.71
-2130,-138.03
-2140,-138.14
-2150,-137.39
-2160,-136.03
-2170,-137.69
-2180,-137.72
-2190,-138.00
-2200,-138.57
-2210,-138.80
-2220,-139.11
-2230,-139.56
-2240,-140.53
-2250,-141.01
-2260,-140.44
-2270,-140.98
-2280,-141.59
-2290,-141.82
-2300,-142.26
-2310,-143.04
-2320,-144.15
-2330,-145.29
-2340,-145.63
-2350,-143.08
-2360,-144.60
-2370,-145.61
-2380,-146.36
-2390,-147.12
-2400,-147.87
-2410,-148.43
-2420,-149.46
-2430,-150.24
-2440,-150.45
-2450,-150.93
-2460,-151.80
-2470,-152.13
-2480,-152.82
-2490,-153.20
-2500,-153.68
