10,0.00
20,0.00
30,0.00
40,0.23
50,0.00
60,0.00
70,0.00
80,0.00
90,0.00
100,0.00
110,0.00
120,0.00
130,0.00
140,0.00
150,0.02
160,0.00
170,0.00
180,0.00
190,0.00
200,0.00
210,0.00
220,0.00
230,0.00
240,0.00
250,0.01
260,0.03
270,0.03
280,0.02
290,0.01
300,0.00
310,0.00
320,0.00
330,0.00
340,0.00
350,0.00
360,0.00
370,0.00
380,0.00
390,0.00
400,0.00
410,0.00
420,0.00
430,0.00
440,0.00
450,0.00
460,0.00
470,0.00
480,0.00
490,0.00
500,0.00
510,0.00
520,0.00
530,0.00
540,0.00
550,0.00
560,0.00
570,0.00
580,0.00
590,0.00
600,0.00
610,0.00
620,0.00
630,0.00
640,0.00
650,0.00
660,0.00
670,0.00
680,0.00
690,0.00
700,0.00
710,0.00
720,0.00
730,0.00
740,0.00
750,0.00
760,0.00
770,0.00
780,0.00
790,0.00
800,0.00
810,0.00
820,0.00
830,0.00
840,0.00
850,0.00
860,0.00
870,0.00
880,0.00
890,0.00
900,0.00
910,0.00
920,0.00
930,0.00
940,0.00
950,0.00
960,0.00
970,0.00
980,0.00
990,0.00
1000,0.00
1010,0.00
1020,0.00
1030,0.00
1040,0.00
1050,0.00
1060,0.00
1070,0.00
1080,0.00
1090,0.00
1100,0.00
1110,0.00
1120,0.00
1130,0.00
1140,0.00
1150,0.00
1160,0.00
1170,0.00
1180,0.00
1190,0.00
1200,0.00
1210,0.00
1220,0.00
1230,0.00
1240,0.00
1250,0.00
1260,0.00
1270,0.00
1280,0.00
1290,0.01
1300,0.80
1310,9.50
1320,9.75
1330,10.68
1340,13.88
1350,15.99
1360,17.67
1370,18.72
1380,19.73
1390,20.46
1400,21.47
1410,21.94
1420,22.95
1430,23.35
1440,24.36
1450,25.19
1460,25.84
1470,26.01
1480,26.58
1490,27.46
1500,28.71
1510,29.25
1520,29.70
1530,30.82
1540,31.43
1550,30.96
1560,31.61
1570,31.99
1580,32.79
1590,33.92
1600,34.46
1610,34.99
1620,35.62
1630,35.88
1640,36.28
1650,36.68
1660,37.46
1670,38.14
1680,38.69
1690,39.35
1700,39.99
1710,40.52
1720,41.01
1730,41.84
1740,42.79
1750,43.53
1760,44.13
1770,44.86
1780,45.50
1790,46.38
1800,47.15
1810,47.71
1820,48.13
1830,48.33
1840,48.77
1850,49.39
1860,49.98
1870,50.70
1880,51.59
1890,52.20
1900,53.56
1910,53.69
1920,53.72
1930,54.49
1940,55.37
1950,54.74
1960,55.85
1970,56.88
1980,56.94
1990,57.88
2000,59.05
2010,59.90
2020,60.31
2030,61.33
2040,62.27
2050,63.11
2060,63.54
2070,64.50
2080,65.22
2090,65.87
2100,66.56
2110,67.52
2120,67.97
2130,68.41
2140,69.09
2150,70.14
2160,70.69
2170,71.07
2180,71.67
2190,72.41
2200,73.03
2210,73.62
2220,73.88
2230,73.14
2240,73.91
2250,75.11
2260,75.62
2270,74.37
2280,74.97
2290,76.24
2300,76.97
2310,77.34
2320,77.93
2330,78.58
2340,79.50
2350,80.47
2360,80.73
2370,81.74
2380,82.16
2390,81.92
2400,82.25
2410,82.82
2420,83.47
2430,83.56
2440,84.22
2450,84.38
2460,85.15
2470,85.80
2480,86.64
2490,86.57
2500,87.57
0,88.05
0,3.33
0,0.00
-10,0.00
-20,0.00
-30,0.00
-40,-0.01
-50,0.00
-60,0.00
-70,0.00
-80,0.00
-90,0.00
-100,0.00
-110,0.00
-120,0.00
-130,0.00
-140,0.00
-150,0.00
-160,0.00
-170,0.00
-180,0.00
-190,0.00
-200,0.00
-210,0.00
-220,0.00
-230,0.00
-240,0.00
-250,0.00
-260,0.00
-270,0.00
-280,0.00
-290,0.00
-300,0.00
-310,0.00
-320,0.00
-330,0.00
-340,0.00
-350,0.00
-360,0.00
-370,0.00
-380,0.00
-390,-0.00
-400,0.00
-410,0.00
-420,0.00
-430,0.00
-440,0.00
-450,0.00
-460,0.00
-470,0.00
-480,0.00
-490,0.00
-500,0.00
-510,-0.00
-520,-0.00
-530,-0.01
-540,-0.01
-550,-0.00
-560,-0.00
-570,-0.00
-580,-0.00
-590,-0.00
-600,-0.00
-610,-0.00
-620,-0.00
-630,-0.00
-640,-0.00
-650,-0.00
-660,-0.00
-670,-0.00
-680,-0.00
-690,0.00
-700,-0.00
-710,-0.00
-720,-0.00
-730,-0.00
-740,-0.00
-750,-0.00
-760,-0.03
-770,-0.56
-780,-0.04
-790,-0.03
-800,-0.03
-810,-0.02
-820,-0.01
-830,-0.01
-840,-0.01
-850,-0.04
-860,-0.53
-870,-0.10
-880,-0.05
-890,-0.07
-900,-1.46
-910,-0.06
-920,-0.06
-930,-0.68
-940,-0.03
-950,-0.01
-960,-0.07
-970,-0.61
-980,-0.05
-990,-0.07
-1000,-0.75
-1010,-0.69
-1020,-0.19
-1030,-0.61
-1040,-0.23
-1050,-0.50
-1060,-0.08
-1070,-1.54
-1080,-1.42
-1090,-0.18
-1100,-1.00
-1110,-0.59
-1120,-0.96
-1130,-0.53
-1140,-2.79
-1150,-1.36
-1160,-1.28
-1170,-0.89
-1180,-4.46
-1190,-1.65
-1200,-4.70
-1210,-2.34
-1220,-4.94
-1230,-6.14
-1240,-6.34
-1250,-7.79
-1260,-10.37
-1270,-11.36
-1280,-12.88
-1290,-14.14
-1300,-15.54
-1310,-16.80
-1320,-17.53
-1330,-18.40
-1340,-19.72
-1350,-20.83
-1360,-22.35
-1370,-23.34
-1380,-24.27
-1390,-24.83
-1400,-25.52
-1410,-26.39
-1420,-26.88
-1430,-27.32
-1440,-28.14
-1450,-28.56
-1460,-29.50
-1470,-30.06
-1480,-30.70
-1490,-31.63
-1500,-32.41
-1510,-33.02
-1520,-33.87
-1530,-34.68
-1540,-35.15
-1550,-35.76
-1560,-36.49
-1570,-37.15
-1580,-37.07
-1590,-37.73
-1600,-38.26
-1610,-38.55
-1620,-39.03
-1630,-39.87
-1640,-40.51
-1650,-41.27
-1660,-41.64
-1670,-42.47
-1680,-43.64
-1690,-43.90
-1700,-44.41
-1710,-45.11
-1720,-45.73
-1730,-46.29
-1740,-46.66
-1750,-47.55
-1760,-48.11
-1770,-48.66
-1780,-49.08
-1790,-49.46
-1800,-49.57
-1810,-50.32
-1820,-50.75
-1830,-51.45
-1840,-51.99
-1850,-52.32
-1860,-53.48
-1870,-54.23
-1880,-54.49
-1890,-55.31
-1900,-56.08
-1910,-56.91
-1920,-57.51
-1930,-58.16
-1940,-58.77
-1950,-59.29
-1960,-59.93
-1970,-60.69
-1980,-60.85
-1990,-61.62
-2000,-61.63
-2010,-62.32
-2020,-62.71
-2030,-63.39
-2040,-63.62
-2050,-64.12
-2060,-64.54
-2070,-64.95
-2080,-65.63
-2090,-66.36
-2100,-66.73
-2110,-67.29
-2120,-67.83
-2130,-68.52
-2140,-69.04
-2150,-69.68
-2160,-70.07
-2170,-70.19
-2180,-70.83
-2190,-71.35
-2200,-71.95
-2210,-72.65
-2220,-73.33
-2230,-73.76
-2240,-74.26
-2250,-74.57
-2260,-75.29
-2270,-75.94
-2280,-76.34
-2290,-76.96
-2300,-77.14
-2310,-77.92
-2320,-78.56
-2330,-79.50
-2340,-79.92
-2350,-80.01
-2360,-80.67
-2370,-81.32
-2380,-81.93
-2390,-82.61
-2400,-83.42
-2410,-83.35
-2420,-84.02
-2430,-84.85
-2440,-85.61
-2450,-86.47
-2460,-87.10
-2470,-87.64
-2480,-88.44
-2490,-89.04
-2500,-89.92
